4.41
4.63
4.38
4.52
4.42
4.64
4.44
5.15
5.23
4.42
4.71
3.76
2.8
3.76
3.91
3.68
3.83
3.71
3.61
3.91
3.91
3.98
3.54
3.32
3.1
4.42
4.05
4.05
5.08
5.31
4.64
3.46
3.83
3.98
3.32
2.8
3.54
3.98
3.46
3.83
3.24
4.29
4.28
4.65
4.57
4.42
4.27
4.57
4.05
3.76
3.47
3.98
4.57
4.86
4.42
3.76
2.28
2.28
3.24
4.13
4.64
4.05
3.54
3.02
3.61
3.91
3.98
5.16
5.16
4.13
4.13
3.68
3.76
4.42
5.01
5.16
4.86
4.42
5.29
5.18
3.83
4.27
4.35
4.42
3.83
3.76
4.2
3.39
3.17
3.83
3.61
2.93
2.6
3.19
3.96
4.24
4.23
4.02
4.02
4.63
4.5
4.64
3.98
3.98
4.05
4.27
5.08
4.5
4.42
4.05
3.32
3.76
4.64
4.64
4.86
4.86
4.2
5.45
6.41
6.49
5.75
5.16
5.53
5.67
5.31
5.45
5.9
6.12
5.97
6.12
5.75
4.57
5.9
6.12
6.04
6.56
6.19
5.31
5.08
5.38
5.9
4.72
4.79
5.22
6.4
6.53
6.6
6.79
6.4
5.82
5.47
6.83
7.15
6.85
6.85
6.41
5.97
5.75
6.49
7.74
7.22
7.96
7.59
6.85
7.15
6.78
7.15
7.66
7.44
5.82
5.31
6.41
7.22
6.56
6.78
7.0
7.74
7.96
5.75
5.23
7.96
8.7
7.59
7.22
8.47
7.74
7.37
7.22
6.93
7.22
6.78
7.59
7.59
7.0
7.81
7.3
7.96
7.44
7.74
7.59
6.19
6.41
8.4
8.55
6.85
6.78
6.85
6.93
6.85
7.22
7.15
7.07
7.59
7.74
8.18
8.7
9.06
8.25
7.59
7.15
6.41
5.08
5.75
7.44
8.55
7.15
6.63
6.78
6.93
6.56
7.15
6.26
7.66
8.25
7.81
7.3
7.66
7.44
7.84
6.89
6.04
6.46
6.89
7.16
6.95
7.52
7.37
8.01
7.16
7.6
7.3
6.14
6.25
6.89
6.7
6.64
6.35
5.71
5.38
4.41
4.61
5.42
5.54
5.71
5.54
5.01
4.12
4.64
4.36
4.78
4.12
4.41
5.19
5.8
4.68
5.0
5.67
5.38
5.06
4.89
4.73
4.8
4.66
4.38
3.4
3.68
4.46
4.16
3.52
3.34
3.56
3.9
3.76
3.94
2.95
2.73
4.98
4.6
4.53
4.34
4.66
2.39
4.59
4.41
4.5
4.63
4.69
4.83
4.48
5.12
5.08
5.05
3.73
4.26
4.6
3.95
4.13
4.48
4.31
4.24
4.3
4.55
4.43
4.36
4.19
3.0
4.26
4.16
3.72
3.21
3.99
4.14
3.87
2.86
2.92
2.15
2.54
3.11
3.21
2.75
3.13
3.29
3.65
3.29
3.15
3.28
2.9
2.64
2.93
3.18
2.82
2.68
2.6
2.63
2.62
2.74
2.85
3.07
3.16
3.37
3.01
2.7
2.97
3.06
2.99
3.37
3.63
3.35
2.9
2.56
3.05
3.17
2.96
3.07
3.12
3.01
2.67
3.14
3.53
3.32
3.53
3.59
3.77
3.52
3.59
3.09
2.7
2.56
2.52
3.04
3.32
3.75
4.04
4.16
3.96
3.61
3.42
3.16
