1.66666662693
1.83333337307
1.75
2.0
1.91666662693
1.75
1.75
1.75
1.91666662693
1.91666662693
2.0
2.0
1.91666662693
2.0
1.91666662693
1.91666662693
2.0
2.0
2.0
1.91666662693
2.0
2.0
2.0
2.0
2.0
1.91666662693
2.0
1.91666662693
2.0
2.0
2.0
2.0
2.0
2.0
2.0
2.08333325386
1.91666662693
2.08333325386
2.08333325386
2.08333325386
2.0
2.0
2.16666674614
2.08333325386
2.0
2.16666674614
2.0
2.16666674614
2.0
2.08333325386
2.0
2.16666674614
2.25
2.0
2.08333325386
2.0
2.0
2.25
2.08333325386
2.25
2.08333325386
2.08333325386
2.16666674614
2.0
2.0
2.08333325386
2.16666674614
2.08333325386
2.33333325386
2.16666674614
2.33333325386
2.33333325386
2.08333325386
2.25
2.33333325386
2.25
2.16666674614
2.25
2.5
2.33333325386
2.25
2.08333325386
2.33333325386
2.41666674614
2.08333325386
2.5
2.58333325386
2.16666674614
2.33333325386
2.66666674614
2.16666674614
2.5
2.41666674614
2.58333325386
2.5
2.5
2.5
2.5
2.66666674614
2.5
2.66666674614
2.75
2.91666674614
2.58333325386
2.5
2.75
2.83333325386
2.83333325386
3.0
2.5
2.91666674614
2.83333325386
2.75
2.75
2.83333325386
2.91666674614
2.66666674614
2.91666674614
2.75
2.75
3.0
2.75
2.91666674614
2.91666674614
2.75
2.83333325386
2.91666674614
2.83333325386
3.0
3.0
2.75
2.66666674614
2.66666674614
2.75
2.83333325386
2.83333325386
3.0
2.91666674614
2.91666674614
3.0
2.83333325386
3.0
2.91666674614
3.0
2.66666674614
2.91666674614
3.0
2.91666674614
2.91666674614
2.83333325386
3.0
2.83333325386
3.0
3.0
3.0
3.0
3.0
3.0
2.83333325386
2.91666674614
2.83333325386
3.0
3.08333325386
3.0
3.0
3.0
3.0
3.08333325386
3.0
2.83333325386
3.0
2.91666674614
2.75
2.75
3.0
2.91666674614
2.91666674614
3.0
3.0
3.0
3.0
3.0
3.0
2.91666674614
3.0
3.0
3.0
3.0
3.0
3.0
3.0
2.91666674614
3.0
3.0
3.0
3.0
2.91666674614
3.0
3.0
2.91666674614
3.0
3.0
3.0
3.0
3.0
3.0
3.0
3.0
3.0
2.83333325386
3.0
3.16666674614
3.0
3.0
3.0
3.08333325386
3.0
3.0
3.0
3.0
3.08333325386
3.0
3.08333325386
2.83333325386
3.08333325386
3.0
3.25
3.0
3.0
3.0
3.08333325386
3.0
3.16666674614
2.91666674614
2.91666674614
3.08333325386
3.0
3.16666674614
3.0
3.0
3.0
3.08333325386
3.0
3.0
3.08333325386
3.0
3.16666674614
3.0
3.0
3.0
3.0
2.83333325386
3.08333325386
3.0
3.08333325386
3.08333325386
3.0
3.0
3.0
3.0
3.08333325386
3.08333325386
3.08333325386
3.25
3.08333325386
3.0
3.0
3.08333325386
3.0
3.08333325386
3.0
3.08333325386
3.66666674614
3.25
3.08333325386
3.16666674614
3.33333325386
3.08333325386
3.0
3.16666674614
3.08333325386
3.25
3.08333325386
3.0
3.16666674614
3.33333325386
3.25
3.16666674614
3.25
3.16666674614
3.0
3.0
3.16666674614
3.0
3.25
3.16666674614
3.16666674614
3.25
3.0
3.0
3.16666674614
3.08333325386
3.08333325386
3.08333325386
3.0
3.16666674614
3.16666674614
3.41666674614
3.41666674614
3.25
3.33333325386
3.16666674614
3.16666674614
3.41666674614
3.33333325386
3.08333325386
3.33333325386
3.16666674614
3.08333325386
3.5
3.33333325386
3.33333325386
3.25
3.16666674614
3.16666674614
3.16666674614
3.25
3.33333325386
3.25
3.33333325386
3.41666674614
3.25
3.25
3.16666674614
3.08333325386
3.08333325386
3.16666674614
3.41666674614
3.41666674614
3.5
3.33333325386
3.5
3.33333325386
3.33333325386
3.25
3.41666674614
3.33333325386
3.33333325386
3.16666674614
3.25
3.41666674614
3.25
3.33333325386
3.75
3.5
3.33333325386
3.33333325386
3.5
3.83333325386
3.16666674614
3.58333325386
3.75
3.58333325386
3.58333325386
3.66666674614
3.33333325386
3.41666674614
3.5
3.58333325386
3.5
3.75
3.58333325386
3.66666674614
3.75
3.75
3.66666674614
3.66666674614
3.5
3.41666674614
3.75
3.58333325386
3.58333325386
3.58333325386
3.75
3.83333325386
3.75
3.83333325386
3.83333325386
4.0
3.91666674614
3.75
3.83333325386
3.83333325386
3.91666674614
3.75
3.83333325386
3.75
4.0
3.83333325386
3.91666674614
4.0
4.0
4.0
4.0
4.0
3.83333325386
4.0
3.91666674614
4.0
3.91666674614
4.0
3.91666674614
3.91666674614
4.0
4.0
3.91666674614
4.0
4.0
3.91666674614
4.0
3.75
4.0
4.0
3.91666674614
3.91666674614
3.91666674614
3.75
3.91666674614
3.91666674614
4.0
4.08333349228
3.91666674614
4.0
4.0
4.0
4.0
4.0
3.91666674614
4.0
4.08333349228
4.0
4.0
3.91666674614
4.0
3.91666674614
4.0
4.0
4.0
4.0
4.0
4.08333349228
3.91666674614
4.0
4.0
4.0
4.0
4.08333349228
4.0
4.08333349228
3.91666674614
4.0
4.08333349228
4.08333349228
4.16666650772
4.0
4.0
4.16666650772
4.16666650772
4.08333349228
4.16666650772
4.0
4.08333349228
4.0
4.0
4.0
4.08333349228
4.0
4.0
4.0
4.0
4.0
4.16666650772
4.18181800842
4.08333349228
4.33333349228
4.25
4.08333349228
4.5
4.08333349228
4.0
4.0
4.16666650772
4.41666650772
4.58333349228
4.41666650772
4.41666650772
4.16666650772
4.08333349228
4.66666650772
4.08333349228
4.16666650772
4.41666650772
4.5
4.41666650772
4.33333349228
4.08333349228
4.33333349228
4.08333349228
4.33333349228
4.16666650772
4.33333349228
4.66666650772
4.5
4.83333349228
4.75
4.66666650772
4.58333349228
4.5
4.75
4.58333349228
4.66666650772
4.75
4.5
4.66666650772
4.83333349228
4.75
4.66666650772
4.58333349228
4.5
4.66666650772
4.58333349228
4.66666650772
4.33333349228
4.5
4.41666650772
4.25
4.25
4.75
4.58333349228
4.83333349228
4.91666650772
4.66666650772
4.5
4.33333349228
4.66666650772
4.41666650772
4.58333349228
4.66666650772
4.58333349228
4.5
4.5
4.83333349228
4.58333349228
4.58333349228
4.58333349228
4.5
4.5
4.75
4.66666650772
4.66666650772
4.66666650772
4.58333349228
4.75
4.58333349228
4.75
4.83333349228
4.83333349228
4.58333349228
4.83333349228
4.83333349228
4.5
4.83333349228
4.66666650772
4.91666650772
4.91666650772
4.75
4.75
4.91666650772
4.66666650772
4.91666650772
4.83333349228
4.75
4.58333349228
4.75
4.75
4.66666650772
4.83333349228
4.91666650772
4.83333349228
4.91666650772
4.75
4.83333349228
4.66666650772
5.08333349228
4.66666650772
4.91666650772
4.83333349228
4.83333349228
4.91666650772
4.83333349228
4.75
5.0
4.83333349228
4.91666650772
4.83333349228
4.75
5.0
4.83333349228
5.0
5.0
5.08333349228
5.0
5.0
4.91666650772
4.91666650772
4.91666650772
4.91666650772
4.91666650772
4.91666650772
5.0
4.83333349228
5.0
5.0
4.91666650772
5.08333349228
5.0
4.91666650772
4.91666650772
5.0
5.0
5.08333349228
4.91666650772
5.0
5.0
5.0
5.0
5.0
5.0
5.08333349228
5.0
5.08333349228
5.0
5.08333349228
5.08333349228
5.0
5.0
5.0
4.91666650772
4.91666650772
5.0
5.08333349228
5.16666650772
5.25
4.91666650772
5.16666650772
5.08333349228
5.25
5.0
5.16666650772
5.0
5.25
5.33333349228
5.08333349228
5.16666650772
5.08333349228
5.25
5.0
5.08333349228
5.08333349228
5.33333349228
5.33333349228
5.0
5.16666650772
5.25
5.25
5.5
5.16666650772
5.16666650772
5.0
5.0
5.16666650772
5.25
5.16666650772
5.08333349228
5.08333349228
5.0
5.16666650772
5.0
5.25
5.16666650772
5.58333349228
5.0
5.41666650772
5.25
5.25
5.25
5.0
5.08333349228
5.08333349228
5.16666650772
5.41666650772
5.16666650772
5.33333349228
5.41666650772
5.33333349228
5.5
5.25
5.41666650772
5.25
5.5
5.58333349228
5.08333349228
5.66666650772
5.08333349228
5.16666650772
5.33333349228
5.272727489469999
5.25
5.5
5.5
5.58333349228
5.66666650772
5.66666650772
5.58333349228
5.41666650772
5.5
5.3636364936800005
5.58333349228
5.25
5.33333349228
5.25
5.545454502109998
5.33333349228
5.41666650772
5.33333349228
5.66666650772
5.41666650772
5.25
5.66666650772
5.66666650772
5.5
5.33333349228
5.33333349228
5.66666650772
5.5
5.08333349228
5.41666650772
5.25
5.33333349228
5.41666650772
5.08333349228
5.25
5.41666650772
5.5
5.25
5.33333349228
5.16666650772
5.08333349228
5.41666650772
5.08333349228
5.5
5.16666650772
5.16666650772
5.41666650772
5.66666650772
5.33333349228
5.25
5.08333349228
5.16666650772
5.33333349228
5.0
5.33333349228
5.25
5.16666650772
5.08333349228
5.08333349228
5.41666650772
5.16666650772
5.5
5.25
5.33333349228
5.75
5.16666650772
5.25
5.08333349228
5.0
5.16666650772
4.91666650772
4.91666650772
5.08333349228
5.0
5.0
5.0
5.08333349228
5.08333349228
5.0
5.0
5.0
5.16666650772
5.0
5.33333349228
5.25
5.08333349228
5.08333349228
5.08333349228
5.16666650772
5.08333349228
4.91666650772
4.91666650772
5.16666650772
5.16666650772
4.91666650772
5.16666650772
5.0
5.0
5.0
5.0
5.0
5.0
5.0
5.16666650772
5.0
4.83333349228
5.0
5.0
4.83333349228
4.83333349228
4.83333349228
5.0
5.0
4.66666650772
4.83333349228
5.0
4.83333349228
4.75
4.91666650772
4.91666650772
4.5
4.75
4.91666650772
4.66666650772
4.91666650772
4.58333349228
4.66666650772
4.727272510530001
5.0
5.09090900421
5.0
4.81818199158
4.727272510530001
4.90909099579
4.90909099579
5.0
5.0
4.90909099579
4.90909099579
4.90909099579
4.81818199158
5.0
5.0
4.81818199158
5.0
5.0
5.09090900421
5.09090900421
4.6363635063199995
4.90909099579
4.727272510530001
4.90909099579
4.545454502109999
4.6363635063199995
4.8000001907300005
4.3636364936800005
4.727272510530001
4.6363635063199995
4.81818199158
4.727272510530001
4.545454502109999
4.3636364936800005
4.545454502109999
4.272727489469999
4.727272510530001
4.18181800842
4.454545497890001
4.272727489469999
4.09090900421
4.454545497890001
4.454545497890001
4.18181800842
4.272727489469999
4.3636364936800005
4.09090900421
4.09090900421
4.545454502109999
4.09090900421
4.0
4.0
4.18181800842
4.0
4.09090900421
4.0
4.0
4.0
4.0
4.09090900421
4.0
4.09090900421
4.0
4.0
3.9090909957899997
4.0
4.0
4.0
4.0
4.0
3.9090909957899997
3.9090909957899997
3.72727274895
4.0
4.0
3.9090909957899997
4.0
3.72727274895
3.6363637447400015
3.8181817531599997
3.8181817531599997
3.6363637447400015
4.0
3.9090909957899997
3.8181817531599997
3.72727274895
3.8181817531599997
3.8181817531599997
3.6363637447400015
3.5454545021099997
3.72727274895
3.9090909957899997
3.5454545021099997
3.72727274895
3.72727274895
3.5454545021099997